image: /home/sinapse/ExperimentPlatform/MD2.pgm
resolution: 0.025000
origin: [-11.400000, -1.000000, 0.000000]
negate: 0
occupied_thresh: 0.65
free_thresh: 0.196

