image: /home/sinapse/ExperimentPlatform/MD2_5.pgm
resolution: 0.025000
origin: [-12.200000, -16.200000, 0.000000]
negate: 0
occupied_thresh: 0.65
free_thresh: 0.196

