image: md2_blank_2.pgm
resolution: 0.025000
origin: [-11.400000, -13.800000, 0.000000]
negate: 0
occupied_thresh: 0.65
free_thresh: 0.196

